50.005 22
50.015 23
50.025 15
50.035 17
50.045 18
50.055 18
50.065 21
50.075 27
50.085 25
50.095 15
50.105 23
50.115 21
50.125 23
50.135 24
50.145 12
50.155 22
50.165 16
50.175 21
50.185 14
50.195 21
50.205 21
50.215 11
50.225 18
50.235 20
50.245 16
50.255 15
50.265 15
50.275 18
50.285 14
50.295 17
50.305 25
50.315 24
50.325 19
50.335 17
50.345 15
50.355 10
50.365 23
50.375 15
50.385 20
50.395 13
50.405 15
50.415 18
50.425 15
50.435 17
50.445 8
50.455 19
50.465 17
50.475 20
50.485 19
50.495 17
50.505 19
50.515 8
50.525 16
50.535 13
50.545 11
50.555 13
50.565 13
50.575 20
50.585 22
50.595 27
50.605 15
50.615 24
50.625 20
50.635 14
50.645 19
50.655 14
50.665 18
50.675 23
50.685 14
50.695 14
50.705 11
50.715 18
50.725 13
50.735 20
50.745 20
50.755 24
50.765 20
50.775 21
50.785 19
50.795 15
50.805 29
50.815 18
50.825 19
50.835 17
50.845 14
50.855 23
50.865 12
50.875 12
50.885 15
50.895 19
50.905 16
50.915 13
50.925 15
50.935 29
50.945 27
50.955 20
50.965 19
50.975 19
50.985 21
50.995 18
51.005 14
51.015 15
51.025 12
51.035 19
51.045 14
51.055 19
51.065 17
51.075 15
51.085 19
51.095 10
51.105 21
51.115 16
51.125 20
51.135 17
51.145 22
51.155 15
51.165 18
51.175 13
51.185 15
51.195 16
51.205 7
51.215 14
51.225 12
51.235 14
51.245 10
51.255 20
51.265 14
51.275 25
51.285 22
51.295 21
51.305 17
51.315 18
51.325 20
51.335 13
51.345 21
51.355 22
51.365 12
51.375 15
51.385 16
51.395 14
51.405 18
51.415 16
51.425 11
51.435 19
51.445 14
51.455 19
51.465 19
51.475 16
51.485 16
51.495 14
51.505 16
51.515 18
51.525 21
51.535 16
51.545 8
51.555 9
51.565 10
51.575 9
51.585 12
51.595 13
51.605 25
51.615 22
51.625 17
51.635 18
51.645 16
51.655 22
51.665 16
51.675 22
51.685 17
51.695 21
51.705 11
51.715 12
51.725 18
51.735 14
51.745 11
51.755 21
51.765 16
51.775 13
51.785 15
51.795 14
51.805 18
51.815 11
51.825 17
51.835 27
51.845 23
51.855 17
51.865 14
51.875 11
51.885 18
51.895 5
51.905 16
51.915 8
51.925 9
51.935 12
51.945 11
51.955 17
51.965 22
51.975 19
51.985 20
51.995 26
52.005 18
52.015 24
52.025 18
52.035 28
52.045 17
52.055 17
52.065 16
52.075 16
52.085 13
52.095 9
52.105 12
52.115 8
52.125 15
52.135 9
52.145 10
52.155 20
52.165 13
52.175 20
52.185 23
52.195 17
52.205 32
52.215 19
52.225 18
52.235 18
52.245 12
52.255 14
52.265 12
52.275 8
52.285 6
52.295 11
52.305 15
52.315 19
52.325 17
52.335 22
52.345 12
52.355 14
52.365 19
52.375 18
52.385 24
52.395 23
52.405 12
52.415 9
52.425 19
52.435 10
52.445 14
52.455 10
52.465 11
52.475 11
52.485 10
52.495 16
52.505 19
52.515 20
52.525 23
52.535 19
52.545 22
52.555 20
52.565 27
52.575 14
52.585 19
52.595 15
52.605 17
52.615 13
52.625 10
52.635 13
52.645 18
52.655 12
52.665 22
52.675 21
52.685 8
52.695 20
52.705 24
52.715 22
52.725 15
52.735 15
52.745 22
52.755 12
52.765 12
52.775 14
52.785 14
52.795 15
52.805 22
52.815 18
52.825 26
52.835 28
52.845 37
52.855 29
52.865 40
52.875 57
52.885 55
52.895 42
52.905 58
52.915 39
52.925 56
52.935 38
52.945 21
52.955 18
52.965 23
52.975 14
52.985 16
52.995 11
53.005 13
53.015 17
53.025 23
53.035 17
53.045 24
53.055 23
53.065 27
53.075 29
53.085 37
53.095 31
53.105 25
53.115 24
53.125 15
53.135 12
53.145 19
53.155 17
53.165 12
53.175 14
53.185 13
53.195 14
53.205 14
53.215 9
53.225 21
53.235 28
53.245 22
53.255 24
53.265 25
53.275 16
53.285 22
53.295 25
53.305 21
53.315 20
53.325 15
53.335 11
53.345 15
53.355 7
53.365 8
53.375 12
53.385 12
53.395 20
53.405 16
53.415 23
53.425 28
53.435 22
53.445 19
53.455 19
53.465 16
53.475 23
53.485 18
53.495 18
53.505 15
53.515 8
53.525 15
53.535 13
53.545 9
53.555 7
53.565 8
53.575 19
53.585 26
53.595 21
53.605 26
53.615 16
53.625 27
53.635 20
53.645 27
53.655 19
53.665 21
53.675 16
53.685 12
53.695 11
53.705 7
53.715 11
53.725 15
53.735 8
53.745 29
53.755 14
53.765 29
53.775 18
53.785 36
53.795 29
53.805 32
53.815 17
53.825 17
53.835 15
53.845 16
53.855 10
53.865 17
53.875 9
53.885 17
53.895 9
53.905 10
53.915 11
53.925 19
53.935 15
53.945 14
53.955 19
53.965 25
53.975 24
53.985 23
53.995 22
54.005 13
54.015 24
54.025 16
54.035 12
54.045 9
54.055 17
54.065 15
54.075 12
54.085 11
54.095 13
54.105 12
54.115 26
54.125 14
54.135 17
54.145 30
54.155 23
54.165 25
54.175 19
54.185 21
54.195 17
54.205 19
54.215 13
54.225 9
54.235 11
54.245 11
54.255 7
54.265 13
54.275 17
54.285 21
54.295 19
54.305 21
54.315 20
54.325 14
54.335 18
54.345 21
54.355 13
54.365 23
54.375 16
54.385 15
54.395 23
54.405 10
54.415 14
54.425 12
54.435 10
54.445 13
54.455 7
54.465 12
54.475 11
54.485 18
54.495 18
54.505 17
54.515 16
54.525 23
54.535 19
54.545 11
54.555 18
54.565 9
54.575 13
54.585 8
54.595 13
54.605 14
54.615 6
54.625 16
54.635 17
54.645 13
54.655 14
54.665 16
54.675 19
54.685 14
54.695 15
54.705 11
54.715 14
54.725 17
54.735 10
54.745 15
54.755 13
54.765 10
54.775 12
54.785 17
54.795 19
54.805 15
54.815 14
54.825 19
54.835 9
54.845 13
54.855 9
54.865 13
54.875 7
54.885 16
54.895 26
54.905 19
54.915 24
54.925 45
54.935 48
54.945 50
54.955 76
54.965 91
54.975 92
54.985 128
54.995 138
55.005 150
55.015 165
55.025 151
55.035 178
55.045 192
55.055 176
55.065 134
55.075 129
55.085 121
55.095 127
55.105 103
55.115 69
55.125 60
55.135 52
55.145 26
55.155 27
55.165 26
55.175 12
55.185 14
55.195 15
55.205 19
55.215 23
55.225 32
55.235 37
55.245 32
55.255 33
55.265 25
55.275 34
55.285 20
55.295 25
55.305 15
55.315 16
55.325 8
55.335 17
55.345 6
55.355 21
55.365 11
55.375 10
55.385 28
55.395 21
55.405 29
55.415 25
55.425 28
55.435 18
55.445 39
55.455 23
55.465 24
55.475 19
55.485 19
55.495 11
55.505 13
55.515 10
55.525 12
55.535 12
55.545 12
55.555 15
55.565 20
55.575 16
55.585 29
55.595 26
55.605 31
55.615 35
55.625 20
55.635 39
55.645 22
55.655 21
55.665 20
55.675 12
55.685 9
55.695 14
55.705 11
55.715 18
55.725 18
55.735 18
55.745 18
55.755 26
55.765 24
55.775 24
55.785 37
55.795 24
55.805 20
55.815 30
55.825 23
55.835 28
55.845 21
55.855 17
55.865 12
55.875 11
55.885 8
55.895 11
55.905 14
55.915 13
55.925 19
55.935 22
55.945 21
55.955 34
55.965 32
55.975 22
55.985 36
55.995 25
56.005 20
56.015 21
56.025 23
56.035 18
56.045 23
56.055 14
56.065 17
56.075 11
56.085 12
56.095 17
56.105 15
56.115 25
56.125 22
56.135 26
56.145 41
56.155 24
56.165 42
56.175 26
56.185 38
56.195 21
56.205 20
56.215 18
56.225 8
56.235 19
56.245 5
56.255 13
56.265 9
56.275 14
56.285 28
56.295 15
56.305 16
56.315 25
56.325 30
56.335 25
56.345 21
56.355 25
56.365 30
56.375 12
56.385 24
56.395 17
56.405 21
56.415 16
56.425 13
56.435 18
56.445 17
56.455 15
56.465 17
56.475 18
56.485 21
56.495 25
56.505 35
56.515 24
56.525 30
56.535 22
56.545 28
56.555 23
56.565 25
56.575 22
56.585 9
56.595 11
56.605 10
56.615 13
56.625 11
56.635 14
56.645 18
56.655 23
56.665 20
56.675 23
56.685 39
56.695 20
56.705 24
56.715 27
56.725 24
56.735 21
56.745 18
56.755 22
56.765 18
56.775 13
56.785 15
56.795 9
56.805 18
56.815 14
56.825 15
56.835 23
56.845 16
56.855 23
56.865 19
56.875 20
56.885 25
56.895 24
56.905 21
56.915 17
56.925 18
56.935 22
56.945 16
56.955 10
56.965 14
56.975 7
56.985 10
56.995 11
57.005 15
57.015 14
57.025 8
57.035 16
57.045 11
57.055 11
57.065 9
57.075 10
57.085 15
57.095 16
57.105 25
57.115 33
57.125 50
57.135 57
57.145 68
57.155 103
57.165 101
57.175 123
57.185 175
57.195 158
57.205 203
57.215 203
57.225 196
57.235 224
57.245 219
57.255 245
57.265 194
57.275 178
57.285 181
57.295 154
57.305 117
57.315 100
57.325 86
57.335 72
57.345 45
57.355 34
57.365 36
57.375 22
57.385 6
57.395 14
57.405 21
57.415 28
57.425 16
57.435 22
57.445 22
57.455 23
57.465 22
57.475 29
57.485 21
57.495 17
57.505 19
57.515 17
57.525 17
57.535 15
57.545 15
57.555 30
57.565 26
57.575 21
57.585 33
57.595 46
57.605 42
57.615 30
57.625 38
57.635 35
57.645 20
57.655 28
57.665 18
57.675 27
57.685 15
57.695 10
57.705 25
57.715 16
57.725 16
57.735 26
57.745 28
57.755 47
57.765 39
57.775 45
57.785 52
57.795 47
57.805 56
57.815 35
57.825 56
57.835 44
57.845 26
57.855 22
57.865 24
57.875 20
57.885 18
57.895 24
57.905 33
57.915 50
57.925 49
57.935 62
57.945 69
57.955 60
57.965 64
57.975 85
57.985 66
57.995 60
58.005 51
58.015 47
58.025 37
58.035 30
58.045 25
58.055 22
58.065 22
58.075 38
58.085 33
58.095 46
58.105 51
58.115 77
58.125 83
58.135 92
58.145 72
58.155 71
58.165 93
58.175 97
58.185 70
58.195 72
58.205 57
58.215 40
58.225 36
58.235 40
58.245 39
58.255 44
58.265 58
58.275 86
58.285 88
58.295 117
58.305 147
58.315 164
58.325 158
58.335 190
58.345 173
58.355 172
58.365 155
58.375 140
58.385 93
58.395 83
58.405 57
58.415 35
58.425 42
58.435 57
58.445 85
58.455 100
58.465 123
58.475 160
58.485 174
58.495 202
58.505 324
58.515 314
58.525 298
58.535 278
58.545 274
58.555 222
58.565 211
58.575 160
58.585 115
58.595 97
58.605 55
58.615 74
58.625 103
58.635 155
58.645 222
58.655 304
58.665 424
58.675 433
58.685 581
58.695 598
58.705 718
58.715 706
58.725 680
58.735 618
58.745 501
58.755 434
58.765 331
58.775 255
58.785 145
58.795 124
58.805 139
58.815 178
58.825 295
58.835 456
58.845 641
58.855 852
58.865 1184
58.875 1330
58.885 1392
58.895 1560
58.905 1595
58.915 1518
58.925 1447
58.935 1266
58.945 1115
58.955 789
58.965 561
58.975 390
58.985 293
58.995 227
59.005 340
59.015 634
59.025 999
59.035 1497
59.045 2122
59.055 2761
59.065 3439
59.075 4008
59.085 4652
59.095 4990
59.105 5268
59.115 5066
59.125 4920
59.135 4492
59.145 3997
59.155 3265
59.165 2555
59.175 1724
59.185 1285
59.195 1006
59.205 1214
59.215 1862
59.225 3100
59.235 4833
59.245 7530
59.255 10770
59.265 14605
59.275 19162
59.285 24299
59.295 29591
59.305 34920
59.315 40324
59.325 45518
59.335 49748
59.345 53559
59.355 56884
59.365 58719
59.375 60728
59.385 59938
59.395 59009
59.405 56998
59.415 54645
59.425 50339
59.435 46210
59.445 41298
59.455 36196
59.465 31294
59.475 26244
59.485 21405
59.495 17417
59.505 13339
59.515 9900
59.525 7116
59.535 4772
59.545 3270
59.555 1938
59.565 1131
59.575 593
59.585 336
59.595 241
59.605 300
59.615 373
59.625 494
59.635 579
59.645 589
59.655 637
59.665 517
59.675 451
59.685 441
59.695 267
59.705 225
59.715 135
59.725 130
59.735 98
59.745 125
59.755 201
59.765 227
59.775 324
59.785 361
59.795 420
59.805 419
59.815 437
59.825 427
59.835 352
59.845 276
59.855 225
59.865 179
59.875 136
59.885 85
59.895 98
59.905 90
59.915 99
59.925 140
59.935 199
59.945 219
59.955 280
59.965 323
59.975 314
59.985 313
59.995 316
60.005 269
60.015 195
60.025 178
60.035 129
60.045 90
60.055 79
60.065 96
60.075 83
60.085 100
60.095 145
60.105 203
60.115 246
60.125 302
60.135 325
60.145 343
60.155 380
60.165 355
60.175 299
60.185 287
60.195 247
60.205 200
60.215 171
60.225 105
60.235 88
60.245 92
60.255 86
60.265 116
60.275 129
60.285 191
60.295 273
60.305 320
60.315 361
60.325 396
60.335 389
60.345 399
60.355 394
60.365 366
60.375 286
60.385 237
60.395 167
60.405 117
60.415 108
60.425 104
60.435 132
60.445 187
60.455 234
60.465 327
60.475 456
60.485 568
60.495 681
60.505 746
60.515 825
60.525 843
60.535 801
60.545 692
60.555 641
60.565 573
60.575 400
60.585 335
60.595 218
60.605 169
60.615 125
60.625 150
60.635 186
60.645 286
60.655 334
60.665 525
60.675 683
60.685 753
60.695 899
60.705 904
60.715 1019
60.725 932
60.735 864
60.745 787
60.755 684
60.765 492
60.775 391
60.785 261
60.795 166
60.805 141
60.815 196
60.825 288
60.835 404
60.845 626
60.855 895
60.865 1139
60.875 1408
60.885 1619
60.895 1727
60.905 1855
60.915 1889
60.925 1758
60.935 1592
60.945 1327
60.955 1091
60.965 780
60.975 527
60.985 360
60.995 220
61.005 223
61.015 323
61.025 558
61.035 871
61.045 1294
61.055 1705
61.065 2260
61.075 2756
61.085 3139
61.095 3410
61.105 3523
61.115 3525
61.125 3468
61.135 3043
61.145 2780
61.155 2073
61.165 1625
61.175 1083
61.185 677
61.195 444
61.205 407
61.215 611
61.225 1125
61.235 1873
61.245 2852
61.255 4144
61.265 5413
61.275 6825
61.285 8133
61.295 9529
61.305 10367
61.315 11152
61.325 11327
61.335 11075
61.345 10328
61.355 9141
61.365 7853
61.375 6102
61.385 4471
61.395 3085
61.405 1892
61.415 1438
61.425 1783
61.435 3156
61.445 5755
61.455 9577
61.465 14747
61.475 21120
61.485 28696
61.495 37104
61.505 46544
61.515 57347
61.525 67494
61.535 77391
61.545 86914
61.555 95719
61.565 103650
61.575 109753
61.585 114409
61.595 117139
61.605 118564
61.615 117598
61.625 114835
61.635 110376
61.645 104820
61.655 97817
61.665 89844
61.675 81631
61.685 72121
61.695 63090
61.705 54139
61.715 45731
61.725 37029
61.735 30036
61.745 23219
61.755 17834
61.765 13229
61.775 9273
61.785 6132
61.795 4089
61.805 2394
61.815 1365
61.825 797
61.835 558
61.845 586
61.855 696
61.865 931
61.875 1083
61.885 1282
61.895 1360
61.905 1387
61.915 1322
61.925 1111
61.935 1047
61.945 893
61.955 717
61.965 451
61.975 342
61.985 191
61.995 157
62.005 134
62.015 147
62.025 175
62.035 258
62.045 332
62.055 441
62.065 488
62.075 560
62.085 562
62.095 603
62.105 545
62.115 521
62.125 431
62.135 385
62.145 322
62.155 255
62.165 160
62.175 115
62.185 78
62.195 53
62.205 60
62.215 88
62.225 126
62.235 153
62.245 193
62.255 255
62.265 277
62.275 338
62.285 351
62.295 336
62.305 310
62.315 316
62.325 246
62.335 239
62.345 197
62.355 138
62.365 108
62.375 65
62.385 49
62.395 52
62.405 43
62.415 52
62.425 97
62.435 107
62.445 142
62.455 186
62.465 193
62.475 206
62.485 223
62.495 240
62.505 235
62.515 219
62.525 212
62.535 170
62.545 137
62.555 128
62.565 104
62.575 52
62.585 40
62.595 44
62.605 25
62.615 34
62.625 50
62.635 63
62.645 85
62.655 115
62.665 139
62.675 151
62.685 188
62.695 188
62.705 153
62.715 175
62.725 157
62.735 150
62.745 130
62.755 104
62.765 97
62.775 60
62.785 50
62.795 45
62.805 28
62.815 32
62.825 34
62.835 44
62.845 71
62.855 81
62.865 110
62.875 137
62.885 166
62.895 176
62.905 176
62.915 194
62.925 198
62.935 204
62.945 164
62.955 129
62.965 102
62.975 101
62.985 63
62.995 48
63.005 46
63.015 39
63.025 43
63.035 60
63.045 80
63.055 112
63.065 161
63.075 188
63.085 224
63.095 253
63.105 323
63.115 337
63.125 328
63.135 311
63.145 281
63.155 262
63.165 248
63.175 196
63.185 158
63.195 124
63.205 80
63.215 53
63.225 59
63.235 47
63.245 90
63.255 125
63.265 178
63.275 256
63.285 306
63.295 407
63.305 443
63.315 507
63.325 546
63.335 632
63.345 601
63.355 606
63.365 527
63.375 468
63.385 441
63.395 336
63.405 227
63.415 180
63.425 120
63.435 101
63.445 133
63.455 167
63.465 273
63.475 396
63.485 613
63.495 807
63.505 990
63.515 1221
63.525 1437
63.535 1574
63.545 1727
63.555 1851
63.565 1851
63.575 1695
63.585 1612
63.595 1380
63.605 1295
63.615 1030
63.625 791
63.635 594
63.645 432
63.655 390
63.665 438
63.675 554
63.685 877
63.695 1370
63.705 2151
63.715 2825
63.725 3881
63.735 4865
63.745 6169
63.755 7493
63.765 8942
63.775 10431
63.785 11671
63.795 13028
63.805 14643
63.815 15470
63.825 16588
63.835 17476
63.845 18241
63.855 18849
63.865 18833
63.875 18709
63.885 18474
63.895 18070
63.905 17197
63.915 16309
63.925 14853
63.935 13898
63.945 12445
63.955 11180
63.965 9690
63.975 8224
63.985 6803
63.995 5748
64.005 4576
64.015 3596
64.025 2841
64.035 2027
64.045 1417
64.055 1094
64.065 769
64.075 538
64.085 362
64.095 306
64.105 241
64.115 263
64.125 257
64.135 288
64.145 319
64.155 331
64.165 333
64.175 337
64.185 276
64.195 258
64.205 227
64.215 191
64.225 154
64.235 105
64.245 90
64.255 71
64.265 54
64.275 36
64.285 76
64.295 66
64.305 96
64.315 87
64.325 116
64.335 109
64.345 123
64.355 142
64.365 132
64.375 142
64.385 133
64.395 104
64.405 92
64.415 84
64.425 54
64.435 55
64.445 40
64.455 42
64.465 40
64.475 25
64.485 27
64.495 43
64.505 54
64.515 61
64.525 58
64.535 71
64.545 83
64.555 78
64.565 71
64.575 69
64.585 61
64.595 55
64.605 67
64.615 32
64.625 33
64.635 31
64.645 22
64.655 33
64.665 18
64.675 30
64.685 24
64.695 29
64.705 38
64.715 43
64.725 40
64.735 62
64.745 42
64.755 53
64.765 48
64.775 55
64.785 49
64.795 48
64.805 45
64.815 31
64.825 40
64.835 29
64.845 36
64.855 27
64.865 18
64.875 27
64.885 17
64.895 21
64.905 27
64.915 24
64.925 30
64.935 35
64.945 42
64.955 41
64.965 46
64.975 42
64.985 40
64.995 53
65.005 39
65.015 34
65.025 33
65.035 18
65.045 21
65.055 17
65.065 29
65.075 19
65.085 17
65.095 21
65.105 28
65.115 34
65.125 30
65.135 49
65.145 42
65.155 47
65.165 47
65.175 50
65.185 51
65.195 47
65.205 49
65.215 41
65.225 38
65.235 33
65.245 40
65.255 36
65.265 16
65.275 16
65.285 19
65.295 21
65.305 21
65.315 26
65.325 38
65.335 43
65.345 54
65.355 48
65.365 66
65.375 56
65.385 58
65.395 60
65.405 70
65.415 56
65.425 57
65.435 54
65.445 42
65.455 27
65.465 31
65.475 26
65.485 29
65.495 22
65.505 34
65.515 30
65.525 39
65.535 43
65.545 58
65.555 62
65.565 78
65.575 79
65.585 74
65.595 109
65.605 84
65.615 115
65.625 75
65.635 106
65.645 80
65.655 73
65.665 53
65.675 62
65.685 66
65.695 40
65.705 37
65.715 56
65.725 45
65.735 74
65.745 64
65.755 99
65.765 97
65.775 135
65.785 159
65.795 179
65.805 183
65.815 210
65.825 207
65.835 220
65.845 275
65.855 227
65.865 233
65.875 226
65.885 213
65.895 190
65.905 131
65.915 141
65.925 113
65.935 101
65.945 128
65.955 147
65.965 186
65.975 274
65.985 318
65.995 454
66.005 594
66.015 707
66.025 892
66.035 1113
66.045 1405
66.055 1493
66.065 1692
66.075 1946
66.085 2119
66.095 2282
66.105 2430
66.115 2561
66.125 2579
66.135 2691
66.145 2655
66.155 2693
66.165 2595
66.175 2564
66.185 2356
66.195 2315
66.205 2123
66.215 2058
66.225 1846
66.235 1642
66.245 1410
66.255 1237
66.265 1091
66.275 889
66.285 744
66.295 615
66.305 470
66.315 393
66.325 346
66.335 264
66.345 170
66.355 153
66.365 122
66.375 107
66.385 101
66.395 76
66.405 72
66.415 83
66.425 78
66.435 55
66.445 59
66.455 68
66.465 70
66.475 50
66.485 65
66.495 58
66.505 41
66.515 22
66.525 25
66.535 26
66.545 26
66.555 31
66.565 29
66.575 22
66.585 34
66.595 26
66.605 26
66.615 42
66.625 27
66.635 29
66.645 22
66.655 30
66.665 28
66.675 28
66.685 25
66.695 19
66.705 16
66.715 20
66.725 23
66.735 21
66.745 20
66.755 18
66.765 9
66.775 17
66.785 17
66.795 24
66.805 15
66.815 21
66.825 15
66.835 19
66.845 15
66.855 14
66.865 15
66.875 18
66.885 20
66.895 24
66.905 20
66.915 17
66.925 19
66.935 14
66.945 19
66.955 20
66.965 9
66.975 14
66.985 18
66.995 19
67.005 8
67.015 17
67.025 7
67.035 12
67.045 26
67.055 18
67.065 19
67.075 17
67.085 22
67.095 15
67.105 7
67.115 20
67.125 11
67.135 16
67.145 11
67.155 14
67.165 23
67.175 11
67.185 12
67.195 9
67.205 8
67.215 19
67.225 11
67.235 16
67.245 17
67.255 15
67.265 14
67.275 15
67.285 16
67.295 16
67.305 22
67.315 19
67.325 10
67.335 17
67.345 16
67.355 11
67.365 8
67.375 10
67.385 10
67.395 8
67.405 9
67.415 7
67.425 13
67.435 5
67.445 17
67.455 15
67.465 21
67.475 10
67.485 15
67.495 15
67.505 15
67.515 18
67.525 19
67.535 8
67.545 14
67.555 18
67.565 8
67.575 10
67.585 12
67.595 14
67.605 12
67.615 16
67.625 12
67.635 17
67.645 13
67.655 20
67.665 18
67.675 17
67.685 16
67.695 20
67.705 18
67.715 7
67.725 9
67.735 7
67.745 18
67.755 10
67.765 10
67.775 9
67.785 6
67.795 10
67.805 17
67.815 6
67.825 15
67.835 16
67.845 13
67.855 21
67.865 16
67.875 13
67.885 12
67.895 17
67.905 22
67.915 18
67.925 19
67.935 19
67.945 25
67.955 22
67.965 13
67.975 16
67.985 14
67.995 16
68.005 20
68.015 19
68.025 11
68.035 16
68.045 19
68.055 22
68.065 24
68.075 28
68.085 28
68.095 31
68.105 46
68.115 47
68.125 43
68.135 40
68.145 42
68.155 30
68.165 41
68.175 38
68.185 40
68.195 39
68.205 32
68.215 46
68.225 23
68.235 29
68.245 44
68.255 31
68.265 28
68.275 40
68.285 49
68.295 50
68.305 62
68.315 80
68.325 82
68.335 102
68.345 129
68.355 138
68.365 152
68.375 201
68.385 208
68.395 213
68.405 235
68.415 256
68.425 255
68.435 274
68.445 275
68.455 274
68.465 298
68.475 238
68.485 248
68.495 260
68.505 217
68.515 248
68.525 200
68.535 185
68.545 148
68.555 129
68.565 146
68.575 104
68.585 96
68.595 84
68.605 82
68.615 72
68.625 54
68.635 47
68.645 55
68.655 37
68.665 36
68.675 28
68.685 28
68.695 18
68.705 16
68.715 22
68.725 19
68.735 20
68.745 13
68.755 19
68.765 23
68.775 26
68.785 19
68.795 21
68.805 17
68.815 23
68.825 11
68.835 16
68.845 12
68.855 14
68.865 20
68.875 11
68.885 10
68.895 17
68.905 10
68.915 22
68.925 20
68.935 13
68.945 13
68.955 8
68.965 13
68.975 12
68.985 16
68.995 14
69.005 14
69.015 13
69.025 11
69.035 14
69.045 8
69.055 13
69.065 12
69.075 7
69.085 14
69.095 7
69.105 10
69.115 16
69.125 12
69.135 10
69.145 13
69.155 12
69.165 11
69.175 11
69.185 12
69.195 12
69.205 13
69.215 8
69.225 10
69.235 16
69.245 14
69.255 14
69.265 7
69.275 13
69.285 8
69.295 15
69.305 9
69.315 9
69.325 20
69.335 9
69.345 16
69.355 14
69.365 7
69.375 12
69.385 12
69.395 14
69.405 6
69.415 7
69.425 7
69.435 11
69.445 9
69.455 11
69.465 15
69.475 8
69.485 14
69.495 9
69.505 13
69.515 7
69.525 14
69.535 8
69.545 13
69.555 8
69.565 15
69.575 10
69.585 2
69.595 10
69.605 11
69.615 11
69.625 11
69.635 8
69.645 12
69.655 8
69.665 9
69.675 8
69.685 9
69.695 12
69.705 7
69.715 8
69.725 13
69.735 3
69.745 10
69.755 10
69.765 10
69.775 5
69.785 9
69.795 16
69.805 8
69.815 7
69.825 8
69.835 11
69.845 7
69.855 8
69.865 3
69.875 10
69.885 4
69.895 11
69.905 6
69.915 8
69.925 4
69.935 7
69.945 6
69.955 9
69.965 12
69.975 7
69.985 10
69.995 8
70.005 14
70.015 14
70.025 7
70.035 11
70.045 13
70.055 11
70.065 6
70.075 12
70.085 7
70.095 13
70.105 8
70.115 14
70.125 11
70.135 13
70.145 13
70.155 10
70.165 10
70.175 13
70.185 9
70.195 12
70.205 12
70.215 6
70.225 12
70.235 14
70.245 13
70.255 13
70.265 14
70.275 14
70.285 5
70.295 9
70.305 5
70.315 8
70.325 8
70.335 9
70.345 12
70.355 17
70.365 13
70.375 11
70.385 20
70.395 22
70.405 14
70.415 11
70.425 12
70.435 15
70.445 14
70.455 12
70.465 8
70.475 11
70.485 15
70.495 16
70.505 23
70.515 10
70.525 15
70.535 22
70.545 12
70.555 8
70.565 22
70.575 5
70.585 13
70.595 10
70.605 13
70.615 15
70.625 20
70.635 20
70.645 20
70.655 10
70.665 22
70.675 21
70.685 22
70.695 27
70.705 15
70.715 32
70.725 29
70.735 29
70.745 29
70.755 37
70.765 46
70.775 31
70.785 33
70.795 40
70.805 37
70.815 42
70.825 35
70.835 28
70.845 37
70.855 34
70.865 28
70.875 27
70.885 16
70.895 22
70.905 13
70.915 26
70.925 20
70.935 27
70.945 23
70.955 15
70.965 19
70.975 11
70.985 7
70.995 14
71.005 16
71.015 11
71.025 9
71.035 10
71.045 16
71.055 16
71.065 8
71.075 15
71.085 12
71.095 15
71.105 10
71.115 13
71.125 6
71.135 10
71.145 12
71.155 15
71.165 10
71.175 9
71.185 16
71.195 9
71.205 10
71.215 9
71.225 12
71.235 9
71.245 4
71.255 13
71.265 14
71.275 12
71.285 19
71.295 17
71.305 7
71.315 11
71.325 12
71.335 8
71.345 18
71.355 16
71.365 7
71.375 15
71.385 7
71.395 9
71.405 11
71.415 12
71.425 6
71.435 11
71.445 5
71.455 7
71.465 8
71.475 8
71.485 9
71.495 7
71.505 9
71.515 14
71.525 7
71.535 9
71.545 9
71.555 11
71.565 8
71.575 3
71.585 11
71.595 6
71.605 8
71.615 17
71.625 11
71.635 16
71.645 7
71.655 14
71.665 10
71.675 8
71.685 8
71.695 6
71.705 5
71.715 7
71.725 8
71.735 8
71.745 10
71.755 13
71.765 10
71.775 15
71.785 8
71.795 8
71.805 8
71.815 8
71.825 8
71.835 12
71.845 10
71.855 8
71.865 13
71.875 9
71.885 15
71.895 10
71.905 12
71.915 7
71.925 8
71.935 9
71.945 9
71.955 7
71.965 10
71.975 9
71.985 8
71.995 12
72.005 9
72.015 5
72.025 10
72.035 13
72.045 13
72.055 14
72.065 15
72.075 10
72.085 9
72.095 10
72.105 11
72.115 7
72.125 11
72.135 15
72.145 5
72.155 17
72.165 10
72.175 14
72.185 11
72.195 9
72.205 5
72.215 10
72.225 9
72.235 4
72.245 10
72.255 9
72.265 13
72.275 10
72.285 13
72.295 10
72.305 14
72.315 8
72.325 11
72.335 11
72.345 5
72.355 15
72.365 6
72.375 6
72.385 5
72.395 15
72.405 9
72.415 13
72.425 12
72.435 12
72.445 15
72.455 10
72.465 12
72.475 3
72.485 17
72.495 10
72.505 14
72.515 11
72.525 9
72.535 4
72.545 9
72.555 8
72.565 13
72.575 9
72.585 9
72.595 11
72.605 10
72.615 13
72.625 6
72.635 7
72.645 9
72.655 13
72.665 11
72.675 12
72.685 9
72.695 13
72.705 12
72.715 7
72.725 7
72.735 6
72.745 12
72.755 10
72.765 16
72.775 10
72.785 9
72.795 13
72.805 13
72.815 8
72.825 15
72.835 4
72.845 7
72.855 11
72.865 7
72.875 15
72.885 9
72.895 8
72.905 13
72.915 7
72.925 10
72.935 12
72.945 9
72.955 7
72.965 10
72.975 16
72.985 8
72.995 19
73.005 10
73.015 12
73.025 10
73.035 10
73.045 11
73.055 14
73.065 13
73.075 10
73.085 12
73.095 11
73.105 12
73.115 17
73.125 13
73.135 14
73.145 12
73.155 4
73.165 9
73.175 9
73.185 18
73.195 9
73.205 17
73.215 8
73.225 20
73.235 15
73.245 12
73.255 8
73.265 7
73.275 8
73.285 12
73.295 6
73.305 12
73.315 11
73.325 9
73.335 8
73.345 11
73.355 16
73.365 13
73.375 11
73.385 17
73.395 16
73.405 11
73.415 12
73.425 13
73.435 7
73.445 7
73.455 8
73.465 13
73.475 13
73.485 12
73.495 10
73.505 9
73.515 10
73.525 8
73.535 10
73.545 9
73.555 9
73.565 15
73.575 16
73.585 10
73.595 7
73.605 12
73.615 4
73.625 16
73.635 6
73.645 9
73.655 7
73.665 17
73.675 10
73.685 10
73.695 8
73.705 9
73.715 10
73.725 9
73.735 8
73.745 6
73.755 6
73.765 3
73.775 11
73.785 8
73.795 8
73.805 5
73.815 7
73.825 6
73.835 10
73.845 8
73.855 9
73.865 9
73.875 7
73.885 12
73.895 14
73.905 6
73.915 13
73.925 10
73.935 11
73.945 15
73.955 8
73.965 12
73.975 7
73.985 18
73.995 12
74.005 8
74.015 7
74.025 12
74.035 8
74.045 9
74.055 7
74.065 14
74.075 11
74.085 10
74.095 12
74.105 7
74.115 9
74.125 2
74.135 4
74.145 6
74.155 17
74.165 6
74.175 13
74.185 11
74.195 13
74.205 9
74.215 11
74.225 10
74.235 17
74.245 9
74.255 9
74.265 9
74.275 6
74.285 5
74.295 8
74.305 7
74.315 11
74.325 8
74.335 10
74.345 15
74.355 9
74.365 10
74.375 15
74.385 13
74.395 11
74.405 11
74.415 12
74.425 8
74.435 13
74.445 12
74.455 7
74.465 12
74.475 13
74.485 11
74.495 8
74.505 8
74.515 10
74.525 8
74.535 11
74.545 12
74.555 11
74.565 8
74.575 8
74.585 6
74.595 13
74.605 11
74.615 6
74.625 9
74.635 8
74.645 13
74.655 11
74.665 14
74.675 9
74.685 13
74.695 8
74.705 12
74.715 6
74.725 9
74.735 11
74.745 8
74.755 16
74.765 14
74.775 9
74.785 8
74.795 10
74.805 7
74.815 12
74.825 14
74.835 12
74.845 11
74.855 10
74.865 10
74.875 7
74.885 12
74.895 12
74.905 7
74.915 8
74.925 7
74.935 8
74.945 10
74.955 10
74.965 9
74.975 9
74.985 6
74.995 13
